mean: -0.0158422636318159
std: 0.48731562621186325
