mean: 0.00048334343434341167
std: 0.7091878282995169
